255.248.0.0

1111 1111
1111 1000
0000 0000
0000 0000

128 64 32 16 6

=================

1111 1111
1111 1111
1100 0000
0000 0000

255.255.192.0

==================

1111 1111
1111 1111
1111 1111
1110 0000

255.255.255.224

==================

1111 1111
1111 1111
1111 1111
0000 0000

255.255.255.0

==================

1111 1111
1111 1111
1111 1111
1111 1100

CIDR /30

==================


10.0.1.0/26

1111 1111
1111 1111
1111 1111
1100 0000

255.255.255.192

32 - 26 = 64

10.0.1.0

10.0.1.1 - 10.0.1.62

10.0.1.63


